0 644
1 870
2 1142
3 1311
4 1350
5 1684
6 1786
7 2036
8 2536
9 3200
10 4033
11 4875
12 5531
13 5890
14 6020
15 5846
16 5781
17 5549
18 5264
19 5102
20 5300
21 5668
22 6675
23 8029
24 11545
25 10519
26 9485
27 9236
28 9233
29 9341
30 10444
31 10123
32 10586
33 11188
34 11777
35 11515
36 11741
37 10736
38 9193
39 7937
40 7405
41 6799
42 6440
43 5870
44 5548
45 5361
46 5019
47 4681
48 4416
49 4347
50 3899
51 3716
52 3576
53 3304
54 3211
55 3006
56 2847
57 2731
58 2518
59 2459
60 2410
61 2323
62 2183
63 2182
64 2068
65 2051
66 1888
67 1924
68 1871
69 1889
70 1825
71 1735
72 1639
73 1641
74 1600
75 1460
76 1491
77 1456
78 1416
79 1358
80 1293
81 1290
82 1297
83 1245
84 1198
85 1144
86 1064
87 1106
88 1014
89 1033
90 982
91 954
92 891
93 904
94 950
95 916
96 888
97 855
98 771
99 818
100 824
101 781
102 762
103 775
104 703
105 747
106 701
107 684
108 655
109 667
110 639
111 640
112 615
113 668
114 575
115 531
116 525
117 594
118 548
119 565
120 524
121 529
122 506
123 518
124 511
125 541
126 498
127 502
128 473
129 433
130 462
131 446
132 412
133 406
134 389
135 401
136 430
137 429
138 375
139 391
140 373
141 399
142 376
143 360
144 367
145 355
146 400
147 337
148 298
149 333
150 361
151 321
152 330
153 322
154 300
155 316
156 314
157 323
158 303
159 276
160 324
161 303
162 310
163 298
164 292
165 275
166 293
167 265
168 241
169 260
170 231
171 240
172 235
173 254
174 252
175 202
176 233
177 220
178 252
179 229
180 226
181 210
182 225
183 228
184 222
185 187
186 218
187 219
188 190
189 201
190 194
191 190
192 173
193 193
194 212
195 182
196 171
197 162
198 174
199 183
200 173
201 191
202 171
203 172
204 162
205 179
206 133
207 178
208 148
209 159
210 156
211 171
212 176
213 153
214 159
215 176
216 136
217 153
218 142
219 129
220 124
221 152
222 148
223 126
224 135
225 139
226 159
227 121
228 139
229 128
230 137
231 139
232 118
233 169
234 146
235 148
236 123
237 128
238 146
239 121
240 134
241 143
242 124
243 140
244 134
245 107
246 172
247 134
248 161
249 163
250 183
251 184
252 219
253 241
254 164
255 13
